Working directory:
/home/oucs001/Competition/fortran

  1 1000.56812E-01,0.91700E-03,0.19700E-03,0.13500E-03,0.11000E-04,0.62617E-01
  1 5000.30664E-01,0.10362E+00,0.18135E-01,0.30930E-02,0.14000E-04,0.15974E+00
  110000.46275E-01,0.79140E+00,0.13750E+00,0.12293E-01,0.17000E-04,0.99237E+00
  120000.11360E+00,0.79639E+01,0.10257E+01,0.49044E-01,0.27000E-04,0.91594E+01
  130000.22345E+00,0.29857E+02,0.34660E+01,0.11034E+00,0.30000E-04,0.33667E+02
  140000.37710E+00,0.68763E+02,0.95443E+01,0.19603E+00,0.34000E-04,0.78894E+02
  150000.59174E+00,0.13244E+03,0.20759E+02,0.30619E+00,0.32000E-04,0.15412E+03
